0.060 0.022 0.096 0.095 0.070 0.046 0.074 0.019
0.094 0.073 0.029 0.017 0.100 0.051 0.005 0.078
0.003 0.024 0.046 0.000 0.074 0.049 0.004 0.090
0.052 0.014 0.075 0.059 0.075 0.088 0.099 0.054
0.030 0.017 0.042 0.022 0.062 0.082 0.015 0.086
0.043 0.068 0.058 0.004 0.047 0.034 0.003 0.001
0.044 0.061 0.076 0.097 0.006 0.094 0.028 0.030
0.089 0.065 0.033 0.066 0.025 0.044 0.051 0.047
0.068 0.015 0.048 0.032 0.006 0.056 0.076 0.091
0.074 0.007 0.055 0.074 0.039 0.046 0.093 0.014
0.002 0.042 0.055 0.078 0.082 0.011 0.028 0.001
0.044 0.075 0.058 0.014 0.040 0.022 0.000 0.077
0.006 0.062 0.025 0.068 0.088 0.094 0.096 0.093
0.100 0.082 0.022 0.017 0.074 0.027 0.024 0.043
0.063 0.098 0.047 0.087 0.036 0.033 0.079 0.001
0.078 0.038 0.084 0.084 0.064 0.066 0.075 0.085
0.074 0.094 0.017 0.041 0.015 0.040 0.092 0.022
0.026 0.077 0.077 0.070 0.079 0.045 0.039 0.052
0.040 0.069 0.041 0.041 0.040 0.043 0.067 0.078
0.076 0.008 0.047 0.096 0.080 0.048 0.048 0.050
0.030 0.055 0.019 0.090 0.003 0.044 0.052 0.026
0.034 0.094 0.033 0.042 0.001 0.029 0.040 0.068
0.030 0.067 0.009 0.099 0.069 0.076 0.073 0.025
0.070 0.031 0.007 0.073 0.021 0.019 0.060 0.051
0.075 0.021 0.035 0.036 0.015 0.017 0.043 0.006
0.088 0.006 0.001 0.069 0.042 0.000 0.047 0.067
0.089 0.000 0.065 0.087 0.050 0.042 0.061 0.040
0.041 0.030 0.046 0.052 0.026 0.042 0.091 0.059
0.083 0.045 0.055 0.008 0.100 0.084 0.023 0.040
0.026 0.035 0.027 0.096 0.037 0.089 0.031 0.077
0.002 0.074 0.080 0.017 0.031 0.004 0.036 0.100
0.044 0.059 0.027 0.000 0.081 0.021 0.020 0.019
0.038 0.043 0.050 0.020 0.035 0.012 0.037 0.076
0.033 0.026 0.016 0.036 0.085 0.096 0.010 0.010
0.045 0.100 0.047 0.048 0.081 0.046 0.019 0.073
0.062 0.081 0.090 0.021 0.076 0.022 0.046 0.079
0.096 0.001 0.010 0.008 0.045 0.024 0.068 0.035
0.084 0.073 0.050 0.017 0.078 0.060 0.097 0.016
0.024 0.026 0.051 0.009 0.037 0.099 0.004 0.004
0.037 0.100 0.000 0.056 0.044 0.024 0.081 0.018
0.081 0.026 0.012 0.065 0.047 0.017 0.022 0.095
0.055 0.016 0.021 0.082 0.073 0.070 0.081 0.016
0.049 0.067 0.039 0.036 0.087 0.025 0.100 0.041
0.058 0.014 0.087 0.054 0.089 0.052 0.070 0.034
0.073 0.062 0.054 0.077 0.065 0.025 0.053 0.020
0.091 0.069 0.030 0.024 0.062 0.016 0.012 0.001
0.031 0.016 0.019 0.059 0.005 0.028 0.001 0.085
0.003 0.001 0.089 0.061 0.065 0.028 0.066 0.009
0.099 0.031 0.084 0.023 0.062 0.065 0.079 0.061
0.085 0.020 0.018 0.081 0.082 0.039 0.039 0.042
0.067 0.020 0.054 0.072 0.096 0.008 0.092 0.028
0.052 0.060 0.051 0.019 0.074 0.076 0.052 0.070
0.082 0.032 0.038 0.096 0.085 0.099 0.002 0.053
0.013 0.022 0.087 0.033 0.098 0.001 0.081 0.081
0.065 0.030 0.093 0.024 0.025 0.099 0.071 0.073
0.084 0.091 0.064 0.057 0.073 0.008 0.040 0.000
0.099 0.086 0.011 0.005 0.028 0.003 0.092 0.066
0.021 0.096 0.069 0.038 0.052 0.004 0.027 0.078
0.047 0.077 0.072 0.067 0.011 0.083 0.077 0.069
0.080 0.051 0.041 0.037 0.090 0.064 0.028 0.034
0.087 0.095 0.020 0.015 0.008 0.078 0.031 0.068
0.002 0.006 0.078 0.056 0.059 0.058 0.040 0.031
0.003 0.088 0.073 0.077 0.095 0.056 0.098 0.021
0.006 0.074 0.092 0.013 0.050 0.080 0.007 0.080
0.055 0.012 0.057 0.045 0.091 0.076 0.068 0.033
0.075 0.049 0.064 0.100 0.052 0.078 0.028 0.059
0.084 0.006 0.001 0.081 0.022 0.088 0.083 0.037
0.085 0.094 0.087 0.031 0.080 0.066 0.030 0.100
0.064 0.095 0.079 0.070 0.036 0.035 0.092 0.066
0.066 0.033 0.042 0.019 0.064 0.034 0.040 0.051
0.074 0.096 0.021 0.002 0.076 0.024 0.099 0.009
0.051 0.032 0.076 0.056 0.071 0.072 0.005 0.038
0.013 0.094 0.068 0.042 0.070 0.073 0.033 0.097
0.066 0.062 0.032 0.011 0.031 0.062 0.086 0.052
0.048 0.093 0.050 0.025 0.021 0.098 0.059 0.076
0.019 0.034 0.065 0.069 0.015 0.100 0.002 0.069
0.096 0.027 0.067 0.023 0.090 0.037 0.007 0.010
0.003 0.095 0.082 0.001 0.073 0.043 0.066 0.037
0.090 0.086 0.080 0.080 0.044 0.044 0.076 0.068
0.088 0.060 0.049 0.019 0.018 0.093 0.024 0.092
0.082 0.005 0.034 0.034 0.076 0.086 0.099 0.029
0.020 0.020 0.099 0.084 0.065 0.038 0.009 0.006
0.056 0.055 0.048 0.052 0.077 0.065 0.038 0.016
0.071 0.027 0.074 0.052 0.023 0.019 0.038 0.031
0.064 0.008 0.015 0.003 0.077 0.083 0.073 0.080
0.006 0.064 0.017 0.090 0.093 0.040 0.006 0.045
0.044 0.042 0.093 0.067 0.007 0.040 0.053 0.012
0.049 0.004 0.049 0.068 0.029 0.091 0.032 0.062
0.007 0.035 0.062 0.057 0.086 0.077 0.079 0.005
0.044 0.085 0.079 0.022 0.024 0.077 0.099 0.093
0.009 0.074 0.022 0.042 0.099 0.071 0.060 0.094
0.096 0.038 0.089 0.065 0.023 0.038 0.054 0.089
0.075 0.051 0.068 0.011 0.009 0.061 0.050 0.043
0.092 0.059 0.076 0.084 0.052 0.043 0.067 0.057
0.037 0.070 0.035 0.045 0.049 0.029 0.037 0.076
0.082 0.078 0.014 0.034 0.050 0.069 0.010 0.043
0.017 0.081 0.069 0.092 0.027 0.072 0.015 0.068
0.099 0.088 0.041 0.010 0.027 0.080 0.099 0.062
0.013 0.047 0.008 0.010 0.001 0.004 0.064 0.070
0.032 0.010 0.026 0.091 0.094 0.007 0.062 0.052
0.084 0.044 0.034 0.004 0.071 0.004 0.081 0.069
0.014 0.002 0.023 0.097 0.092 0.096 0.002 0.029
0.033 0.037 0.065 0.016 0.007 0.045 0.088 0.005
0.028 0.086 0.088 0.075 0.088 0.080 0.011 0.067
0.071 0.083 0.068 0.096 0.046 0.014 0.027 0.043
0.080 0.017 0.001 0.082 0.047 0.084 0.053 0.096
0.044 0.079 0.063 0.070 0.046 0.057 0.002 0.028
0.006 0.088 0.028 0.070 0.043 0.071 0.032 0.075
0.005 0.000 0.070 0.067 0.097 0.060 0.097 0.098
0.061 0.031 0.034 0.042 0.097 0.072 0.090 0.075
0.060 0.091 0.060 0.055 0.081 0.050 0.070 0.045
0.094 0.068 0.016 0.039 0.089 0.030 0.007 0.073
0.062 0.034 0.006 0.076 0.074 0.041 0.099 0.099
0.078 0.041 0.017 0.004 0.084 0.015 0.019 0.056
0.051 0.053 0.001 0.032 0.037 0.025 0.097 0.078
0.072 0.087 0.053 0.036 0.062 0.048 0.053 0.083
0.028 0.060 0.026 0.052 0.004 0.081 0.003 0.021
0.041 0.034 0.066 0.012 0.042 0.042 0.086 0.020
0.012 0.061 0.082 0.056 0.051 0.056 0.031 0.021
0.024 0.044 0.069 0.013 0.098 0.059 0.074 0.004
0.052 0.094 0.068 0.058 0.006 0.085 0.070 0.066
0.087 0.092 0.096 0.047 0.033 0.073 0.081 0.019
0.093 0.055 0.077 0.029 0.077 0.033 0.067 0.012
0.046 0.033 0.050 0.074 0.072 0.017 0.035 0.014
0.069 0.029 0.037 0.021 0.072 0.000 0.065 0.045
0.022 0.025 0.086 0.068 0.041 0.080 0.046 0.018
0.008 0.056 0.088 0.012 0.041 0.062 0.038 0.008
0.086 0.043 0.035 0.059 0.056 0.072 0.043 0.012
0.040 0.069 0.065 0.041 0.044 0.097 0.095 0.053
0.077 0.084 0.051 0.040 0.100 0.064 0.039 0.072
0.051 0.054 0.077 0.090 0.009 0.031 0.096 0.076
0.012 0.024 0.012 0.077 0.011 0.093 0.100 0.082
0.038 0.004 0.029 0.048 0.004 0.070 0.022 0.053
0.061 0.082 0.058 0.007 0.028 0.060 0.066 0.032
0.019 0.046 0.004 0.046 0.057 0.010 0.041 0.037
0.037 0.013 0.063 0.091 0.061 0.058 0.014 0.044
0.089 0.057 0.070 0.061 0.092 0.040 0.079 0.026
0.048 0.060 0.036 0.017 0.048 0.030 0.099 0.016
0.070 0.044 0.002 0.006 0.035 0.040 0.091 0.065
0.027 0.086 0.078 0.003 0.009 0.041 0.064 0.009
0.093 0.012 0.065 0.044 0.080 0.058 0.001 0.076
0.051 0.001 0.091 0.081 0.097 0.081 0.015 0.011
0.069 0.087 0.095 0.061 0.089 0.089 0.073 0.077
0.016 0.071 0.047 0.037 0.080 0.090 0.097 0.022
0.068 0.065 0.063 0.089 0.095 0.028 0.022 0.041
0.030 0.077 0.078 0.007 0.080 0.033 0.070 0.073
0.009 0.012 0.051 0.067 0.036 0.032 0.001 0.052
0.044 0.018 0.009 0.041 0.044 0.045 0.007 0.019
0.008 0.064 0.076 0.025 0.085 0.035 0.019 0.036
0.074 0.057 0.009 0.071 0.079 0.019 0.044 0.011
0.068 0.015 0.018 0.075 0.054 0.041 0.095 0.099
0.097 0.032 0.078 0.079 0.004 0.024 0.055 0.064
0.082 0.038 0.100 0.036 0.053 0.073 0.007 0.039
0.009 0.089 0.076 0.035 0.082 0.098 0.037 0.023
0.024 0.081 0.040 0.054 0.074 0.066 0.047 0.002
0.033 0.063 0.053 0.058 0.092 0.037 0.084 0.068
0.094 0.003 0.021 0.031 0.097 0.099 0.090 0.033
0.017 0.065 0.002 0.054 0.043 0.079 0.094 0.052
0.045 0.026 0.042 0.084 0.013 0.074 0.027 0.006
0.088 0.021 0.016 0.095 0.080 0.023 0.037 0.088
0.092 0.067 0.025 0.062 0.062 0.079 0.025 0.051
0.075 0.071 0.016 0.010 0.089 0.025 0.087 0.002
0.094 0.047 0.009 0.013 0.040 0.037 0.011 0.035
0.062 0.035 0.093 0.080 0.006 0.061 0.014 0.051
0.024 0.097 0.091 0.066 0.052 0.023 0.066 0.081
0.017 0.076 0.040 0.013 0.048 0.032 0.039 0.006
0.065 0.010 0.067 0.032 0.004 0.060 0.062 0.086
0.060 0.067 0.051 0.010 0.042 0.072 0.037 0.004
0.052 0.070 0.087 0.084 0.058 0.017 0.042 0.072
0.037 0.002 0.056 0.048 0.050 0.013 0.098 0.038
0.068 0.012 0.001 0.057 0.061 0.097 0.079 0.048
0.079 0.089 0.022 0.021 0.079 0.012 0.063 0.030
0.072 0.003 0.053 0.021 0.018 0.011 0.097 0.016
0.028 0.065 0.094 0.062 0.074 0.020 0.048 0.049
0.069 0.028 0.070 0.013 0.064 0.072 0.021 0.025
0.056 0.025 0.058 0.050 0.061 0.073 0.014 0.099
0.025 0.043 0.025 0.040 0.067 0.033 0.005 0.092
0.042 0.004 0.051 0.041 0.099 0.066 0.006 0.012
0.007 0.070 0.034 0.068 0.005 0.044 0.028 0.002
0.006 0.034 0.002 0.072 0.088 0.088 0.007 0.054
0.067 0.003 0.078 0.091 0.048 0.018 0.072 0.034
0.019 0.089 0.076 0.013 0.010 0.083 0.031 0.035
0.071 0.020 0.073 0.019 0.030 0.014 0.002 0.075
0.088 0.081 0.057 0.061 0.060 0.027 0.060 0.040
0.031 0.049 0.031 0.067 0.084 0.092 0.085 0.009
0.096 0.089 0.037 0.061 0.059 0.072 0.022 0.063
0.027 0.007 0.073 0.089 0.039 0.008 0.020 0.018
0.016 0.002 0.098 0.007 0.022 0.036 0.025 0.074
0.000 0.093 0.027 0.008 0.004 0.047 0.082 0.028
0.064 0.019 0.088 0.087 0.090 0.046 0.019 0.070
0.087 0.001 0.003 0.008 0.040 0.026 0.054 0.089
0.044 0.024 0.047 0.017 0.065 0.041 0.012 0.081
0.058 0.073 0.022 0.079 0.041 0.075 0.090 0.042
0.078 0.089 0.091 0.084 0.035 0.074 0.076 0.077
0.082 0.021 0.094 0.030 0.017 0.078 0.017 0.078
0.086 0.030 0.094 0.077 0.037 0.084 0.082 0.072
0.058 0.076 0.066 0.047 0.059 0.041 0.027 0.036
0.065 0.078 0.065 0.052 0.093 0.060 0.090 0.087
0.084 0.085 0.084 0.062 0.097 0.064 0.044 0.039
0.059 0.008 0.067 0.049 0.097 0.019 0.024 0.033
0.042 0.072 0.062 0.068 0.030 0.045 0.080 0.040
0.085 0.041 0.031 0.047 0.084 0.075 0.078 0.040
0.048 0.082 0.091 0.036 0.017 0.027 0.056 0.087
0.024 0.028 0.033 0.090 0.091 0.094 0.082 0.060
0.066 0.077 0.042 0.077 0.023 0.036 0.036 0.013
0.032 0.039 0.025 0.043 0.052 0.083 0.032 0.061
0.085 0.032 0.000 0.056 0.032 0.003 0.023 0.098
0.015 0.024 0.099 0.061 0.029 0.033 0.054 0.026
0.075 0.004 0.024 0.056 0.098 0.081 0.095 0.039
0.060 0.064 0.032 0.093 0.053 0.039 0.046 0.022
0.076 0.060 0.054 0.086 0.053 0.052 0.034 0.056
0.019 0.030 0.034 0.003 0.052 0.068 0.005 0.014
0.059 0.099 0.048 0.065 0.053 0.029 0.096 0.095
0.006 0.063 0.077 0.088 0.030 0.059 0.023 0.011
0.060 0.018 0.096 0.057 0.001 0.017 0.100 0.045
0.070 0.059 0.023 0.004 0.048 0.067 0.044 0.096
0.020 0.083 0.077 0.076 0.024 0.041 0.057 0.019
0.087 0.064 0.067 0.057 0.021 0.095 0.047 0.043
0.040 0.022 0.049 0.017 0.019 0.033 0.087 0.023
0.061 0.051 0.076 0.070 0.090 0.000 0.076 0.051
0.012 0.083 0.054 0.045 0.042 0.097 0.091 0.020
0.097 0.087 0.049 0.063 0.075 0.017 0.051 0.075
0.086 0.066 0.018 0.031 0.007 0.004 0.084 0.028
0.055 0.022 0.089 0.047 0.006 0.091 0.079 0.056
0.031 0.038 0.044 0.057 0.037 0.079 0.015 0.072
0.048 0.032 0.091 0.098 0.013 0.044 0.029 0.033
0.003 0.064 0.048 0.092 0.060 0.065 0.079 0.000
0.037 0.007 0.069 0.028 0.086 0.056 0.006 0.066
0.008 0.022 0.072 0.029 0.090 0.050 0.007 0.013
0.077 0.080 0.028 0.023 0.049 0.002 0.010 0.054
0.055 0.093 0.013 0.013 0.010 0.091 0.050 0.089
0.060 0.037 0.063 0.052 0.056 0.012 0.063 0.034
0.008 0.052 0.073 0.043 0.065 0.059 0.040 0.055
0.088 0.027 0.048 0.084 0.039 0.025 0.051 0.072
0.064 0.020 0.004 0.067 0.056 0.033 0.022 0.030
0.096 0.051 0.034 0.014 0.021 0.016 0.006 0.076
0.020 0.080 0.095 0.014 0.015 0.021 0.054 0.061
0.044 0.032 0.035 0.006 0.090 0.015 0.046 0.069
0.080 0.065 0.027 0.081 0.080 0.028 0.033 0.036
0.013 0.064 0.056 0.034 0.089 0.093 0.053 0.099
0.038 0.089 0.091 0.069 0.088 0.026 0.000 0.027
0.028 0.069 0.048 0.084 0.090 0.098 0.046 0.098
0.063 0.082 0.073 0.016 0.080 0.017 0.001 0.082
0.023 0.059 0.058 0.033 0.032 0.027 0.085 0.059
0.026 0.075 0.030 0.099 0.051 0.013 0.097 0.030
0.061 0.063 0.075 0.002 0.070 0.015 0.050 0.074
0.008 0.048 0.085 0.036 0.012 0.041 0.069 0.027
0.026 0.086 0.061 0.082 0.037 0.050 0.024 0.001
0.098 0.072 0.059 0.070 0.053 0.024 0.059 0.067
0.012 0.074 0.049 0.025 0.007 0.050 0.064 0.096
0.058 0.003 0.020 0.018 0.063 0.067 0.071 0.032
0.000 0.046 0.019 0.041 0.043 0.032 0.060 0.064
0.001 0.055 0.097 0.035 0.026 0.064 0.019 0.001
0.012 0.031 0.023 0.018 0.034 0.026 0.099 0.011
0.039 0.019 0.032 0.074 0.097 0.028 0.029 0.082
0.049 0.061 0.036 0.060 0.097 0.070 0.070 0.096
0.021 0.057 0.044 0.013 0.080 0.074 0.079 0.024
0.096 0.014 0.057 0.006 0.074 0.018 0.079 0.018
0.009 0.089 0.057 0.023 0.064 0.071 0.040 0.091
0.010 0.001 0.083 0.093 0.018 0.082 0.051 0.043
0.044 0.068 0.091 0.057 0.050 0.003 0.046 0.028
0.058 0.004 0.051 0.007 0.055 0.027 0.002 0.008
0.038 0.059 0.074 0.007 0.016 0.100 0.020 0.052
0.069 0.045 0.021 0.021 0.088 0.100 0.054 0.031
0.059 0.092 0.060 0.058 0.050 0.054 0.035 0.066
0.009 0.073 0.001 0.002 0.032 0.001 0.067 0.100
0.017 0.083 0.011 0.041 0.054 0.001 0.082 0.079
0.025 0.091 0.008 0.082 0.077 0.054 0.031 0.024
0.032 0.099 0.099 0.088 0.022 0.094 0.097 0.040
0.059 0.015 0.003 0.017 0.022 0.036 0.022 0.056
0.053 0.047 0.048 0.067 0.016 0.004 0.034 0.012
0.039 0.031 0.078 0.084 0.064 0.000 0.075 0.013
0.079 0.091 0.065 0.088 0.068 0.046 0.056 0.004
0.028 0.033 0.071 0.073 0.005 0.006 0.082 0.054
0.013 0.003 0.027 0.032 0.031 0.029 0.018 0.079
0.100 0.036 0.024 0.071 0.083 0.021 0.063 0.026
0.013 0.033 0.043 0.099 0.061 0.009 0.066 0.048
0.009 0.015 0.065 0.092 0.059 0.024 0.041 0.016
0.095 0.032 0.002 0.001 0.065 0.089 0.091 0.051
0.022 0.045 0.080 0.090 0.024 0.077 0.001 0.088
0.094 0.049 0.097 0.092 0.035 0.039 0.062 0.018
0.072 0.035 0.017 0.079 0.065 0.029 0.088 0.085
0.098 0.095 0.019 0.086 0.048 0.036 0.068 0.092
0.029 0.090 0.072 0.077 0.003 0.048 0.042 0.098
0.086 0.059 0.079 0.063 0.002 0.059 0.021 0.024
0.002 0.001 0.000 0.035 0.039 0.096 0.025 0.033
0.050 0.040 0.080 0.038 0.010 0.091 0.096 0.069
0.090 0.015 0.001 0.011 0.096 0.018 0.085 0.096
0.003 0.063 0.002 0.052 0.072 0.095 0.051 0.020
0.092 0.064 0.033 0.060 0.009 0.089 0.020 0.039
0.068 0.100 0.063 0.011 0.016 0.053 0.063 0.087
0.064 0.062 0.012 0.079 0.067 0.016 0.014 0.012
0.023 0.040 0.075 0.056 0.025 0.089 0.091 0.063
0.014 0.064 0.034 0.001 0.032 0.032 0.093 0.073
0.010 0.059 0.027 0.097 0.089 0.051 0.001 0.021
0.011 0.096 0.074 0.077 0.004 0.008 0.085 0.088
0.090 0.059 0.074 0.094 0.086 0.033 0.063 0.019
0.009 0.070 0.006 0.030 0.011 0.060 0.089 0.071
0.086 0.057 0.086 0.086 0.006 0.012 0.073 0.026
0.099 0.061 0.035 0.052 0.012 0.093 0.054 0.055
0.021 0.094 0.053 0.070 0.002 0.010 0.079 0.047
0.084 0.007 0.015 0.085 0.016 0.100 0.085 0.099
0.053 0.094 0.063 0.044 0.049 0.096 0.050 0.061
0.013 0.007 0.025 0.071 0.024 0.096 0.027 0.018
0.018 0.022 0.020 0.005 0.070 0.079 0.025 0.072
0.046 0.030 0.073 0.001 0.061 0.055 0.057 0.026
0.084 0.087 0.063 0.042 0.066 0.099 0.086 0.096
0.052 0.062 0.044 0.040 0.071 0.009 0.015 0.003
0.013 0.066 0.059 0.060 0.077 0.018 0.010 0.068
0.011 0.016 0.092 0.032 0.024 0.047 0.003 0.050
0.011 0.095 0.001 0.040 0.085 0.044 0.044 0.065
0.007 0.029 0.100 0.075 0.091 0.041 0.001 0.040
0.003 0.093 0.021 0.000 0.059 0.086 0.049 0.052
0.032 0.004 0.028 0.018 0.018 0.079 0.033 0.042
0.088 0.020 0.076 0.060 0.039 0.032 0.038 0.081
0.020 0.012 0.092 0.034 0.042 0.095 0.086 0.061
0.058 0.001 0.005 0.032 0.028 0.037 0.016 0.087
0.019 0.090 0.065 0.078 0.026 0.051 0.061 0.005
0.004 0.091 0.097 0.033 0.014 0.014 0.062 0.054
0.007 0.060 0.037 0.090 0.026 0.052 0.072 0.080
0.073 0.068 0.029 0.027 0.016 0.021 0.041 0.044
0.085 0.043 0.082 0.004 0.043 0.039 0.074 0.015
0.032 0.080 0.067 0.028 0.024 0.003 0.092 0.061
0.076 0.030 0.078 0.011 0.046 0.001 0.018 0.010
0.091 0.032 0.088 0.034 0.051 0.071 0.003 0.027
0.048 0.049 0.025 0.088 0.042 0.093 0.069 0.028
0.030 0.100 0.059 0.078 0.027 0.054 0.008 0.035
0.094 0.028 0.052 0.051 0.085 0.006 0.039 0.060
0.025 0.015 0.057 0.013 0.095 0.080 0.043 0.067
0.010 0.042 0.040 0.011 0.070 0.085 0.099 0.010
0.081 0.033 0.082 0.073 0.037 0.070 0.006 0.017
0.037 0.075 0.054 0.046 0.069 0.005 0.006 0.090
0.012 0.044 0.088 0.027 0.092 0.066 0.062 0.032
0.064 0.093 0.073 0.068 0.062 0.065 0.026 0.029
0.030 0.070 0.052 0.089 0.093 0.003 0.087 0.031
0.090 0.009 0.047 0.011 0.047 0.015 0.096 0.097
0.052 0.004 0.033 0.008 0.008 0.078 0.013 0.084
0.061 0.069 0.089 0.047 0.044 0.017 0.037 0.094
0.075 0.040 0.013 0.069 0.057 0.071 0.044 0.076
0.019 0.074 0.086 0.013 0.042 0.066 0.038 0.018
0.035 0.091 0.100 0.035 0.001 0.001 0.021 0.038
0.015 0.076 0.084 0.062 0.007 0.040 0.017 0.006
0.080 0.001 0.085 0.062 0.006 0.079 0.024 0.071
0.042 0.006 0.053 0.077 0.001 0.061 0.051 0.002
0.095 0.006 0.010 0.075 0.013 0.010 0.017 0.030
0.041 0.091 0.074 0.017 0.045 0.080 0.079 0.015
0.089 0.007 0.074 0.096 0.059 0.009 0.016 0.032
0.066 0.047 0.068 0.033 0.090 0.098 0.047 0.011
0.026 0.055 0.045 0.003 0.088 0.071 0.034 0.039
0.064 0.011 0.066 0.052 0.043 0.062 0.031 0.021
0.079 0.038 0.060 0.030 0.006 0.035 0.076 0.065
0.055 0.069 0.068 0.003 0.090 0.028 0.025 0.042
0.042 0.009 0.084 0.028 0.071 0.097 0.089 0.091
0.061 0.087 0.014 0.001 0.046 0.045 0.092 0.072
0.041 0.005 0.052 0.076 0.079 0.026 0.051 0.020
0.009 0.059 0.098 0.023 0.085 0.055 0.024 0.063
0.015 0.097 0.065 0.011 0.005 0.039 0.073 0.049
0.074 0.033 0.023 0.025 0.066 0.033 0.038 0.052
0.025 0.023 0.010 0.020 0.005 0.028 0.002 0.076
0.095 0.084 0.052 0.087 0.027 0.099 0.034 0.064
0.088 0.052 0.045 0.022 0.051 0.063 0.083 0.001
0.077 0.021 0.011 0.057 0.098 0.028 0.023 0.037
0.020 0.094 0.048 0.035 0.047 0.059 0.044 0.036
0.097 0.093 0.047 0.078 0.049 0.060 0.091 0.010
0.044 0.030 0.010 0.033 0.082 0.041 0.060 0.078
0.032 0.065 0.021 0.090 0.088 0.002 0.092 0.014
0.098 0.078 0.077 0.036 0.004 0.004 0.094 0.066
0.070 0.049 0.086 0.024 0.099 0.006 0.015 0.073
0.011 0.087 0.057 0.040 0.001 0.088 0.021 0.045
0.060 0.006 0.021 0.022 0.045 0.008 0.011 0.030
0.093 0.090 0.080 0.060 0.011 0.060 0.025 0.027
0.013 0.027 0.089 0.069 0.021 0.025 0.021 0.064
0.091 0.006 0.059 0.022 0.091 0.098 0.054 0.093
0.039 0.088 0.018 0.037 0.004 0.092 0.065 0.037
0.011 0.028 0.090 0.089 0.087 0.085 0.085 0.087
0.053 0.009 0.022 0.004 0.007 0.034 0.069 0.013
0.046 0.013 0.060 0.049 0.077 0.054 0.006 0.085
0.080 0.098 0.098 0.047 0.090 0.045 0.063 0.055
0.027 0.052 0.012 0.046 0.001 0.004 0.039 0.087
0.047 0.049 0.077 0.045 0.065 0.030 0.074 0.004
0.093 0.006 0.033 0.067 0.030 0.062 0.081 0.017
0.097 0.000 0.010 0.086 0.028 0.007 0.011 0.051
0.076 0.097 0.045 0.039 0.011 0.016 0.084 0.037
0.096 0.039 0.059 0.073 0.018 0.027 0.012 0.014
0.051 0.035 0.020 0.094 0.023 0.073 0.072 0.040
0.020 0.079 0.050 0.084 0.074 0.010 0.070 0.051
0.038 0.079 0.043 0.054 0.040 0.037 0.051 0.045
0.011 0.053 0.068 0.084 0.086 0.065 0.078 0.067
0.036 0.073 0.097 0.067 0.026 0.095 0.075 0.087
0.064 0.006 0.004 0.061 0.010 0.020 0.019 0.010
0.003 0.036 0.012 0.029 0.046 0.097 0.098 0.092
0.079 0.070 0.030 0.083 0.023 0.047 0.069 0.079
0.097 0.056 0.090 0.066 0.046 0.051 0.068 0.002
0.027 0.043 0.043 0.030 0.051 0.067 0.086 0.011
0.033 0.040 0.062 0.023 0.077 0.027 0.094 0.025
0.005 0.092 0.047 0.007 0.099 0.057 0.064 0.070
0.008 0.032 0.069 0.099 0.015 0.060 0.070 0.090
0.084 0.086 0.006 0.087 0.090 0.021 0.009 0.069
0.033 0.067 0.005 0.024 0.032 0.028 0.050 0.006
0.054 0.018 0.001 0.096 0.042 0.083 0.049 0.033
0.032 0.093 0.037 0.069 0.006 0.055 0.009 0.058
0.080 0.073 0.053 0.075 0.054 0.080 0.073 0.077
0.031 0.084 0.054 0.015 0.015 0.012 0.032 0.015
0.076 0.087 0.005 0.073 0.038 0.037 0.055 0.042
0.023 0.074 0.055 0.078 0.048 0.075 0.045 0.029
0.077 0.031 0.003 0.007 0.040 0.081 0.081 0.067
0.072 0.050 0.087 0.082 0.046 0.023 0.011 0.029
0.001 0.057 0.095 0.033 0.093 0.015 0.085 0.072
0.100 0.080 0.070 0.060 0.044 0.053 0.049 0.041
0.037 0.077 0.058 0.013 0.095 0.041 0.091 0.021
0.069 0.095 0.009 0.078 0.051 0.075 0.015 0.070
0.023 0.015 0.047 0.009 0.024 0.007 0.053 0.075
0.056 0.012 0.004 0.044 0.023 0.058 0.033 0.001
0.072 0.044 0.078 0.043 0.005 0.064 0.009 0.011
0.076 0.007 0.021 0.015 0.002 0.078 0.079 0.072
0.008 0.033 0.099 0.074 0.038 0.064 0.025 0.057
0.010 0.008 0.057 0.045 0.093 0.070 0.035 0.054
0.078 0.039 0.002 0.029 0.039 0.018 0.002 0.046
0.020 0.099 0.082 0.054 0.043 0.089 0.039 0.042
0.040 0.025 0.063 0.036 0.017 0.018 0.073 0.096
0.053 0.026 0.046 0.022 0.053 0.061 0.041 0.074
0.017 0.036 0.066 0.073 0.039 0.089 0.051 0.052
0.094 0.060 0.061 0.030 0.030 0.004 0.096 0.043
0.032 0.026 0.025 0.050 0.065 0.001 0.017 0.068
0.089 0.090 0.017 0.047 0.064 0.069 0.072 0.024
0.064 0.077 0.093 0.050 0.050 0.096 0.088 0.096
0.092 0.031 0.090 0.081 0.098 0.090 0.033 0.016
0.007 0.058 0.080 0.011 0.031 0.083 0.029 0.032
0.011 0.058 0.046 0.033 0.013 0.085 0.027 0.017
0.076 0.078 0.055 0.083 0.100 0.022 0.019 0.088
0.092 0.065 0.057 0.057 0.006 0.054 0.081 0.018
0.004 0.098 0.017 0.075 0.067 0.098 0.014 0.091
0.061 0.081 0.041 0.084 0.088 0.051 0.099 0.078
0.073 0.033 0.005 0.033 0.098 0.047 0.030 0.048
0.083 0.015 0.055 0.048 0.015 0.098 0.044 0.084
0.067 0.064 0.066 0.090 0.074 0.062 0.061 0.032
0.038 0.032 0.099 0.063 0.019 0.096 0.044 0.006
0.027 0.084 0.097 0.019 0.058 0.060 0.021 0.054
0.095 0.057 0.019 0.086 0.025 0.002 0.007 0.022
0.088 0.093 0.046 0.029 0.037 0.023 0.089 0.018
0.046 0.071 0.061 0.033 0.068 0.040 0.049 0.057
0.098 0.024 0.099 0.032 0.062 0.041 0.084 0.009
0.007 0.030 0.025 0.009 0.043 0.079 0.003 0.088
0.047 0.050 0.062 0.068 0.044 0.005 0.061 0.036
0.027 0.096 0.045 0.004 0.048 0.010 0.054 0.097
0.005 0.032 0.071 0.055 0.010 0.027 0.071 0.065
0.021 0.030 0.059 0.086 0.039 0.063 0.076 0.039
0.014 0.061 0.021 0.082 0.070 0.026 0.060 0.079
0.061 0.033 0.074 0.048 0.061 0.078 0.053 0.004
0.095 0.042 0.087 0.057 0.092 0.018 0.046 0.067
0.011 0.042 0.033 0.079 0.039 0.020 0.059 0.028
0.010 0.093 0.070 0.069 0.016 0.051 0.046 0.033
0.023 0.021 0.078 0.038 0.096 0.015 0.056 0.079
0.047 0.054 0.007 0.035 0.028 0.087 0.034 0.040
0.010 0.015 0.010 0.082 0.010 0.052 0.040 0.079
0.029 0.039 0.001 0.095 0.065 0.078 0.028 0.025
0.063 0.010 0.099 0.065 0.094 0.069 0.002 0.096
0.037 0.070 0.093 0.026 0.100 0.038 0.009 0.060
0.065 0.053 0.070 0.042 0.027 0.065 0.053 0.097
0.050 0.008 0.020 0.090 0.065 0.093 0.061 0.039
0.059 0.098 0.079 0.024 0.018 0.027 0.084 0.003
0.053 0.044 0.083 0.081 0.071 0.076 0.054 0.007
0.055 0.045 0.089 0.099 0.038 0.033 0.093 0.048
0.044 0.098 0.005 0.084 0.053 0.037 0.007 0.059
0.085 0.045 0.016 0.026 0.005 0.037 0.089 0.002
0.096 0.060 0.096 0.065 0.085 0.017 0.042 0.046
0.078 0.075 0.097 0.061 0.005 0.021 0.046 0.097
0.074 0.061 0.077 0.011 0.032 0.080 0.043 0.086
0.077 0.022 0.002 0.097 0.025 0.015 0.079 0.072
0.054 0.079 0.040 0.047 0.037 0.066 0.067 0.078
0.093 0.097 0.055 0.003 0.078 0.086 0.025 0.033
0.084 0.052 0.047 0.099 0.099 0.065 0.099 0.045
0.035 0.016 0.008 0.087 0.034 0.086 0.082 0.091
0.070 0.085 0.055 0.017 0.036 0.002 0.037 0.009
0.076 0.036 0.006 0.072 0.039 0.059 0.021 0.056
0.012 0.046 0.083 0.035 0.029 0.010 0.058 0.004
0.084 0.058 0.077 0.006 0.009 0.051 0.038 0.050
0.057 0.037 0.076 0.078 0.041 0.042 0.011 0.042
0.022 0.066 0.072 0.005 0.045 0.016 0.015 0.083
0.044 0.073 0.035 0.054 0.045 0.030 0.011 0.073
0.068 0.019 0.033 0.001 0.017 0.071 0.011 0.017
0.028 0.064 0.055 0.054 0.045 0.025 0.024 0.027
0.058 0.081 0.009 0.087 0.049 0.036 0.046 0.033
0.066 0.088 0.042 0.017 0.028 0.024 0.090 0.030
0.098 0.019 0.024 0.045 0.027 0.046 0.085 0.096
0.010 0.059 0.026 0.008 0.049 0.048 0.089 0.002
0.033 0.019 0.088 0.006 0.068 0.072 0.098 0.028
0.020 0.067 0.020 0.039 0.009 0.044 0.059 0.053
0.050 0.095 0.061 0.088 0.064 0.029 0.061 0.055
0.024 0.027 0.015 0.007 0.035 0.080 0.036 0.088
0.091 0.016 0.026 0.059 0.071 0.027 0.036 0.098
0.090 0.037 0.077 0.090 0.093 0.019 0.055 0.095
0.070 0.098 0.099 0.049 0.076 0.087 0.016 0.049
0.095 0.001 0.026 0.088 0.091 0.023 0.027 0.085
0.096 0.003 0.088 0.088 0.057 0.033 0.039 0.000
0.080 0.016 0.083 0.069 0.047 0.044 0.080 0.057
0.075 0.024 0.074 0.028 0.025 0.036 0.003 0.082
0.024 0.048 0.048 0.065 0.088 0.073 0.074 0.021
0.036 0.025 0.083 0.062 0.054 0.060 0.076 0.012
0.049 0.049 0.032 0.013 0.040 0.035 0.071 0.050
0.011 0.051 0.092 0.057 0.019 0.001 0.039 0.021
0.062 0.069 0.018 0.041 0.040 0.051 0.050 0.061
0.022 0.040 0.072 0.090 0.085 0.020 0.002 0.037
0.075 0.054 0.098 0.057 0.036 0.099 0.054 0.036
0.004 0.012 0.015 0.060 0.051 0.059 0.024 0.099
0.030 0.095 0.081 0.002 0.012 0.056 0.015 0.086
0.098 0.034 0.059 0.001 0.031 0.067 0.088 0.049
0.015 0.090 0.098 0.079 0.034 0.085 0.093 0.049
0.045 0.016 0.059 0.077 0.064 0.093 0.077 0.072
0.047 0.014 0.063 0.081 0.033 0.078 0.071 0.081
0.090 0.012 0.077 0.032 0.096 0.100 0.083 0.068
0.014 0.081 0.096 0.035 0.052 0.010 0.005 0.090
0.033 0.050 0.023 0.046 0.040 0.048 0.016 0.050
0.008 0.051 0.053 0.026 0.006 0.057 0.041 0.052
0.053 0.018 0.029 0.062 0.052 0.001 0.040 0.037
0.081 0.098 0.075 0.072 0.067 0.027 0.098 0.088
0.072 0.095 0.072 0.094 0.099 0.037 0.020 0.061
0.040 0.055 0.045 0.053 0.072 0.085 0.044 0.012
0.031 0.017 0.046 0.050 0.091 0.009 0.067 0.026
0.046 0.097 0.033 0.044 0.035 0.040 0.037 0.055
0.011 0.016 0.003 0.041 0.099 0.080 0.035 0.001
0.045 0.006 0.057 0.069 0.096 0.035 0.012 0.026
0.089 0.073 0.096 0.051 0.089 0.089 0.048 0.006
0.012 0.083 0.007 0.058 0.075 0.002 0.097 0.081
0.012 0.064 0.001 0.006 0.027 0.022 0.056 0.017
0.095 0.051 0.090 0.062 0.017 0.006 0.049 0.012
0.078 0.073 0.097 0.077 0.066 0.015 0.004 0.041
0.040 0.018 0.040 0.056 0.071 0.072 0.021 0.037
0.072 0.051 0.099 0.099 0.063 0.040 0.061 0.056
0.097 0.042 0.003 0.068 0.043 0.054 0.085 0.036
0.057 0.000 0.016 0.084 0.054 0.026 0.011 0.068
0.067 0.070 0.056 0.042 0.071 0.093 0.080 0.008
0.057 0.077 0.065 0.087 0.064 0.081 0.088 0.066
0.007 0.024 0.051 0.008 0.078 0.045 0.000 0.003
0.045 0.072 0.060 0.081 0.088 0.081 0.028 0.094
0.041 0.022 0.083 0.029 0.042 0.006 0.036 0.024
0.042 0.048 0.093 0.071 0.079 0.011 0.002 0.043
0.097 0.044 0.001 0.082 0.071 0.046 0.063 0.089
0.044 0.069 0.048 0.045 0.071 0.006 0.075 0.075
0.050 0.098 0.091 0.041 0.024 0.064 0.039 0.074
0.066 0.070 0.019 0.002 0.095 0.058 0.052 0.001
0.089 0.032 0.100 0.053 0.058 0.014 0.096 0.010
0.094 0.022 0.084 0.031 0.039 0.023 0.068 0.045
0.034 0.013 0.089 0.088 0.008 0.029 0.047 0.028
0.034 0.099 0.032 0.003 0.002 0.003 0.025 0.091
0.044 0.008 0.006 0.070 0.049 0.086 0.037 0.023
0.083 0.051 0.094 0.007 0.094 0.071 0.029 0.023
0.081 0.026 0.013 0.035 0.002 0.002 0.034 0.068
0.068 0.087 0.071 0.032 0.090 0.077 0.056 0.088
0.019 0.011 0.057 0.074 0.097 0.014 0.050 0.089
0.092 0.037 0.026 0.071 0.067 0.047 0.009 0.063
0.077 0.021 0.005 0.078 0.032 0.014 0.038 0.063
0.057 0.016 0.055 0.029 0.000 0.050 0.012 0.075
0.089 0.046 0.067 0.021 0.021 0.033 0.021 0.053
0.081 0.061 0.001 0.081 0.088 0.014 0.065 0.003
0.096 0.026 0.049 0.013 0.050 0.052 0.067 0.097
0.059 0.088 0.035 0.074 0.037 0.031 0.040 0.046
0.054 0.065 0.042 0.082 0.040 0.021 0.077 0.049
0.069 0.058 0.071 0.004 0.020 0.028 0.022 0.028
0.052 0.058 0.087 0.053 0.058 0.051 0.069 0.045
0.085 0.020 0.083 0.012 0.051 0.043 0.076 0.016
0.075 0.090 0.074 0.084 0.083 0.086 0.033 0.077
0.032 0.033 0.044 0.053 0.090 0.055 0.067 0.012
0.013 0.064 0.072 0.021 0.091 0.034 0.004 0.053
0.018 0.011 0.059 0.040 0.042 0.012 0.003 0.042
0.025 0.056 0.003 0.016 0.006 0.038 0.021 0.048
0.040 0.007 0.060 0.035 0.054 0.065 0.049 0.063
0.056 0.019 0.056 0.073 0.007 0.098 0.018 0.074
0.069 0.051 0.086 0.093 0.066 0.091 0.073 0.045
0.023 0.056 0.092 0.082 0.041 0.065 0.052 0.074
0.027 0.013 0.016 0.007 0.022 0.001 0.098 0.078
0.021 0.070 0.044 0.072 0.053 0.076 0.060 0.016
0.064 0.093 0.009 0.050 0.086 0.028 0.053 0.090
0.056 0.022 0.098 0.037 0.046 0.056 0.043 0.035
0.039 0.012 0.009 0.008 0.041 0.004 0.030 0.039
0.044 0.081 0.048 0.042 0.050 0.011 0.098 0.047
0.093 0.052 0.043 0.033 0.089 0.018 0.008 0.080
0.052 0.022 0.028 0.078 0.001 0.021 0.050 0.031
0.098 0.060 0.089 0.062 0.023 0.042 0.014 0.059
0.088 0.083 0.081 0.084 0.065 0.095 0.016 0.018
0.039 0.066 0.074 0.007 0.064 0.090 0.090 0.039
0.076 0.043 0.008 0.080 0.012 0.003 0.013 0.027
0.088 0.067 0.051 0.046 0.015 0.040 0.004 0.053
0.074 0.041 0.054 0.002 0.067 0.098 0.095 0.083
0.095 0.026 0.054 0.073 0.060 0.040 0.018 0.066
0.079 0.014 0.073 0.029 0.070 0.028 0.085 0.071
0.051 0.073 0.020 0.058 0.034 0.038 0.019 0.026
0.088 0.009 0.083 0.054 0.084 0.027 0.055 0.023
0.085 0.001 0.024 0.096 0.041 0.074 0.096 0.099
0.011 0.007 0.006 0.043 0.069 0.092 0.079 0.079
0.091 0.093 0.045 0.078 0.037 0.033 0.007 0.061
0.029 0.007 0.037 0.061 0.007 0.091 0.059 0.093
0.017 0.074 0.078 0.038 0.023 0.093 0.070 0.087
0.040 0.027 0.010 0.064 0.084 0.014 0.013 0.067
0.073 0.004 0.024 0.062 0.038 0.020 0.027 0.038
0.095 0.015 0.093 0.081 0.033 0.066 0.029 0.082
0.056 0.056 0.055 0.040 0.079 0.077 0.029 0.031
0.087 0.062 0.022 0.015 0.039 0.091 0.091 0.079
0.023 0.032 0.011 0.005 0.065 0.082 0.077 0.038
0.017 0.020 0.045 0.029 0.012 0.046 0.027 0.002
0.045 0.062 0.100 0.065 0.027 0.079 0.023 0.045
0.020 0.011 0.080 0.052 0.077 0.038 0.039 0.068
0.019 0.004 0.035 0.005 0.040 0.094 0.021 0.063
0.093 0.074 0.059 0.096 0.064 0.085 0.089 0.069
0.070 0.042 0.086 0.015 0.041 0.023 0.023 0.005
0.064 0.061 0.081 0.088 0.042 0.074 0.014 0.064
0.079 0.083 0.008 0.055 0.054 0.056 0.008 0.071
0.067 0.081 0.088 0.080 0.059 0.007 0.076 0.012
0.058 0.065 0.052 0.026 0.059 0.077 0.030 0.059
0.004 0.004 0.057 0.054 0.058 0.015 0.019 0.073
0.012 0.021 0.015 0.052 0.050 0.023 0.000 0.007
0.100 0.000 0.035 0.067 0.090 0.034 0.040 0.036
0.000 0.029 0.094 0.094 0.074 0.097 0.041 0.008
0.097 0.023 0.089 0.081 0.073 0.038 0.063 0.047
0.067 0.058 0.052 0.007 0.033 0.087 0.033 0.031
0.082 0.003 0.028 0.077 0.036 0.093 0.031 0.070
0.097 0.097 0.047 0.083 0.088 0.027 0.082 0.041
0.053 0.084 0.058 0.079 0.071 0.039 0.096 0.027
0.017 0.053 0.007 0.057 0.098 0.035 0.066 0.058
0.006 0.077 0.020 0.079 0.035 0.041 0.016 0.008
0.070 0.048 0.008 0.086 0.018 0.007 0.046 0.035
0.090 0.065 0.100 0.081 0.050 0.079 0.027 0.097
0.084 0.027 0.041 0.096 0.029 0.047 0.025 0.064
0.000 0.017 0.001 0.019 0.066 0.003 0.077 0.067
0.019 0.029 0.088 0.088 0.028 0.074 0.026 0.047
0.001 0.081 0.098 0.084 0.047 0.079 0.016 0.026
0.075 0.019 0.015 0.082 0.089 0.068 0.098 0.058
0.073 0.036 0.037 0.018 0.096 0.062 0.072 0.012
0.080 0.061 0.097 0.074 0.003 0.004 0.072 0.018
0.082 0.098 0.099 0.099 0.100 0.066 0.083 0.026
0.099 0.070 0.042 0.042 0.030 0.087 0.038 0.003
0.092 0.002 0.088 0.089 0.039 0.035 0.046 0.003
0.005 0.036 0.076 0.016 0.037 0.051 0.097 0.099
0.007 0.075 0.073 0.084 0.071 0.020 0.062 0.047
0.090 0.096 0.073 0.063 0.076 0.059 0.097 0.045
0.048 0.053 0.005 0.001 0.024 0.065 0.043 0.040
0.098 0.002 0.013 0.088 0.016 0.002 0.019 0.070
0.087 0.070 0.075 0.060 0.072 0.072 0.008 0.056
0.041 0.061 0.047 0.037 0.012 0.096 0.038 0.094
0.094 0.015 0.075 0.037 0.002 0.073 0.086 0.064
0.026 0.047 0.018 0.011 0.017 0.015 0.057 0.046
0.008 0.056 0.009 0.073 0.026 0.092 0.005 0.056
0.024 0.043 0.043 0.051 0.032 0.039 0.014 0.053
0.084 0.069 0.042 0.024 0.071 0.030 0.020 0.050
0.085 0.025 0.093 0.045 0.069 0.096 0.003 0.038
0.074 0.014 0.063 0.096 0.008 0.024 0.033 0.076
0.061 0.054 0.003 0.001 0.075 0.015 0.085 0.079
0.038 0.043 0.093 0.003 0.040 0.087 0.017 0.024
0.098 0.067 0.013 0.051 0.078 0.080 0.028 0.001
0.076 0.030 0.042 0.056 0.092 0.012 0.065 0.052
0.043 0.012 0.023 0.076 0.019 0.095 0.093 0.042
0.072 0.054 0.007 0.041 0.042 0.098 0.039 0.082
0.037 0.094 0.011 0.061 0.093 0.050 0.036 0.002
0.075 0.025 0.090 0.020 0.094 0.001 0.017 0.018
0.004 0.036 0.088 0.089 0.056 0.020 0.074 0.087
0.046 0.003 0.021 0.066 0.040 0.045 0.053 0.058
0.067 0.010 0.069 0.090 0.075 0.010 0.055 0.056
0.042 0.002 0.084 0.057 0.001 0.005 0.007 0.036
0.003 0.006 0.091 0.092 0.092 0.084 0.086 0.095
0.026 0.063 0.072 0.078 0.066 0.024 0.085 0.033
0.064 0.007 0.043 0.006 0.024 0.014 0.009 0.065
0.024 0.074 0.059 0.077 0.081 0.091 0.022 0.012
0.036 0.074 0.071 0.011 0.022 0.037 0.043 0.023
0.000 0.059 0.088 0.099 0.009 0.044 0.029 0.012
0.014 0.063 0.074 0.027 0.049 0.060 0.051 0.096
0.076 0.064 0.009 0.057 0.090 0.016 0.049 0.040
0.075 0.043 0.099 0.019 0.004 0.051 0.022 0.026
0.084 0.058 0.093 0.050 0.077 0.090 0.059 0.020
0.046 0.048 0.097 0.054 0.084 0.094 0.014 0.016
0.092 0.043 0.032 0.011 0.051 0.075 0.004 0.089
0.088 0.079 0.085 0.090 0.049 0.080 0.011 0.062
0.091 0.041 0.012 0.033 0.004 0.090 0.063 0.005
0.079 0.060 0.031 0.088 0.016 0.078 0.095 0.037
0.014 0.066 0.070 0.049 0.088 0.009 0.036 0.041
0.066 0.032 0.088 0.082 0.082 0.058 0.042 0.065
0.003 0.003 0.087 0.034 0.049 0.099 0.055 0.026